artificial soiled HairSpray#1 coupon
thetas 8 8 15 15 30 30 60 60
wl(nm)  Rh_clean    Rh_soil Rns1_clean  Rns1_soil Rns2_clean  Rns2_soil Rns3_clean  Rns3_soil
320	0.0780618	0.0871	0.0780618	0.06531105969259	0.0783686	0.06546166532275	0.126388	0.117609475407
325	0.188149	0.1749	0.188149	0.1453782157093	0.190443	0.1541748468521	0.241975	0.2239781813101
330	0.377309	0.3602	0.377309	0.3102820721208	0.382501	0.3119780108171	0.429128	0.3553039924273
335	0.531604	0.5166	0.531604	0.4524540951522	0.534607	0.4532637060652	0.565624	0.4622584023531
340	0.630573	0.6143	0.630573	0.5426170033186	0.633296	0.53719188217	0.658013	0.5330081892034
345	0.693691	0.6773	0.693691	0.6024623526968	0.696236	0.5971087157838	0.716658	0.581487100689
350	0.734762	0.7184	0.734762	0.6453408188065	0.737122	0.6387897109257	0.754433	0.6171201776558
355	0.764434	0.7484	0.764434	0.6719868465153	0.766349	0.6683892995628	0.780309	0.6427268021674
360	0.786949	0.7688	0.786949	0.6936926879939	0.788601	0.6902016459757	0.800357	0.6633617651159
365	0.805196	0.7865	0.805195	0.7079947235404	0.806569	0.7076101850829	0.816358	0.6745074770195
370	0.81589	0.7993	0.81589	0.7229737607432	0.81793	0.7181790926289	0.829372	0.6865248664074
375	0.8246	0.808	0.8246	0.7345575339381	0.827209	0.7308262406841	0.840069	0.6973300886325
380	0.832265	0.8173	0.832265	0.7394410500162	0.834733	0.738219941211	0.846621	0.7026916048405
385	0.841352	0.8262	0.841352	0.7510795702119	0.843685	0.7484288325199	0.854602	0.7126015673968
390	0.852824	0.8367	0.852824	0.7617305922017	0.855094	0.7570774421397	0.865269	0.7213254547813
395	0.862688	0.8462	0.862688	0.7681577611772	0.864762	0.7633095611741	0.873864	0.7306056626823
400	0.870352	0.8551	0.870352	0.7765353013331	0.872152	0.7708250016111	0.880037	0.737594993546
405	0.877354	0.8615	0.877354	0.7848482733756	0.879192	0.7788040365878	0.88686	0.7432426704746
410	0.882265	0.8687	0.882265	0.7886096863705	0.88405	0.7840003355688	0.891285	0.7490890611698
415	0.8862	0.8735	0.8862	0.7947556615144	0.887846	0.7901361589243	0.894435	0.7542638877156
420	0.892426	0.8788	0.892426	0.7983229151865	0.893971	0.7929046012136	0.900028	0.7569745482804
425	0.89716	0.8834	0.897126	0.802398567574	0.898513	0.798293824742	0.903907	0.7619530359784
430	0.900027	0.8878	0.900027	0.8061577297343	0.901262	0.803125981406	0.906069	0.7689829505834
435	0.903482	0.8923	0.903482	0.8085754009296	0.904686	0.8068400038979	0.909273	0.7700711866406
440	0.907353	0.896	0.907353	0.8121540979585	0.908556	0.8088908189637	0.913014	0.7737830503951
445	0.911098	0.899	0.911098	0.8151962701563	0.91225	0.8104130079826	0.916445	0.7775088411111
450	0.91418	0.9035	0.91418	0.8197987281605	0.915196	0.8142387236214	0.91889	0.7806982702526
455	0.917921	0.9072	0.91783	0.8212087105105	0.918752	0.8174576282326	0.922073	0.7833978608891
460	0.921139	0.9104	0.921043	0.8234602158757	0.921865	0.820765908061	0.92481	0.7872731811648
465	0.92398	0.9133	0.92398	0.8257852736483	0.924722	0.8246179994703	0.927364	0.7905445678731
470	0.927	0.9165	0.927	0.8278081508077	0.927677	0.8254209751386	0.93006	0.7915661914249
475	0.929023	0.9197	0.929023	0.8314070729831	0.929591	0.8263239813147	0.931609	0.7930262844407
480	0.931133	0.9214	0.930959	0.8322446197139	0.931478	0.8274357997597	0.933311	0.7942050425184
485	0.933526	0.9243	0.933526	0.8354409045872	0.934069	0.8303498347787	0.935919	0.7972061489278
490	0.935006	0.9264	0.935006	0.8351263162428	0.935521	0.8323220713433	0.937252	0.8009119768837
495	0.937368	0.9285	0.937368	0.8360862155198	0.937902	0.8339728434158	0.939648	0.8018909736409
500	0.938201	0.9301	0.938201	0.8380657130797	0.938686	0.8342019917758	0.94026	0.8012773245549
505	0.940834	0.9319	0.940834	0.8376786664191	0.941366	0.8356969645354	0.943034	0.8040420445004
510	0.941276	0.9331	0.941276	0.8388869926144	0.941745	0.8354735711797	0.943212	0.8050627961377
515	0.942319	0.9341	0.942319	0.8399996661193	0.942759	0.8362048993243	0.944119	0.8060792393164
520	0.94352	0.9354	0.94352	0.840535364106	0.943946	0.8376458007376	0.94524	0.80566489584
525	0.945344	0.9364	0.945344	0.8400798366828	0.94579	0.8369079229132	0.947118	0.8079783371907
530	0.946168	0.938	0.946168	0.8410745452308	0.946586	0.8382916935149	0.947815	0.8060420816204
535	0.946615	0.9386	0.946615	0.8424821671985	0.946987	0.8388146827501	0.948072	0.8066863668279
540	0.947983	0.9401	0.947983	0.8435083358344	0.948352	0.839112026113	0.949409	0.8078446567773
545	0.948147	0.9405	0.948147	0.8431115951024	0.948422	0.8381136452987	0.949206	0.8059354371334
550	0.94831	0.9409	0.94831	0.8430800347098	0.948495	0.8373420264715	0.949015	0.8069693713912
555	0.949662	0.9413	0.949662	0.8429078617791	0.949821	0.8367743520383	0.950253	0.8054622223658
560	0.950175	0.9429	0.950175	0.8430713321941	0.950268	0.8387686800726	0.950505	0.8076705155468
565	0.949269	0.943	0.949269	0.8424534454277	0.949238	0.8397753855329	0.949128	0.8059576394466
570	0.950528	0.9432	0.950528	0.8399805442152	0.950518	0.8383557121767	0.950452	0.8066070123709
575	0.95057	0.9437	0.95057	0.8390271060666	0.950519	0.8364305129626	0.950334	0.804562124328
580	0.950307	0.9439	0.950307	0.8393677010103	0.950201	0.8349396980703	0.949857	0.8032978669708
585	0.950769	0.9429	0.950769	0.8390086678013	0.950646	0.836582238352	0.950247	0.8032088921528
590	0.950127	0.943	0.950127	0.8375062032164	0.949932	0.8362872832746	0.949329	0.8029436616315
595	0.950503	0.9433	0.950503	0.8377588255589	0.950316	0.8349905542602	0.949727	0.8024857717416
600	0.950324	0.9435	0.950324	0.8373726531837	0.95012	0.8350491370265	0.949475	0.799999337993
605	0.950286	0.9436	0.950286	0.8375718591595	0.950071	0.8329400977881	0.949391	0.8015874313082
610	0.950009	0.9436	0.950009	0.8355255574637	0.949771	0.8316100857211	0.949022	0.8015639009339
615	0.950059	0.9436	0.950059	0.8358920652002	0.949815	0.832850126134	0.949042	0.799248996206
620	0.950035	0.9438	0.950035	0.8348153952805	0.94978	0.8328582468944	0.948974	0.7981348344301
625	0.949843	0.9436	0.949843	0.8341949308905	0.94956	0.8325498107687	0.948671	0.7964197110142
630	0.949583	0.9433	0.949583	0.8327251410341	0.949269	0.8306156925427	0.948288	0.7978367832706
635	0.949641	0.9432	0.949641	0.831818449902	0.949312	0.8295941866813	0.948285	0.7943214970458
640	0.949553	0.9435	0.949553	0.831799690255	0.949202	0.8293199951204	0.94811	0.7927317052963
645	0.949342	0.9435	0.949342	0.8306800596473	0.948963	0.8277413936855	0.947789	0.7932832119006
650	0.949508	0.9435	0.949508	0.831146239232	0.94912	0.8295379377703	0.947917	0.7906525741771
655	0.949833	0.9439	0.949833	0.8304478746922	0.949435	0.8277241617701	0.948201	0.7932295641009
660	0.949847	0.9438	0.949847	0.831443584029	0.949414	0.8279514008602	0.948081	0.7922658195741
665	0.949949	0.9441	0.949949	0.8305423134434	0.949486	0.8264869540713	0.948068	0.7917092185393
670	0.950496	0.9444	0.950496	0.8301356821082	0.950027	0.8259642273172	0.948588	0.7892894659997
675	0.950893	0.9447	0.950893	0.8296460718471	0.950411	0.8243982539003	0.948932	0.7894227712405
680	0.951178	0.9449	0.951178	0.8303232692464	0.950678	0.8251288077866	0.949147	0.7896797256075
685	0.951025	0.9452	0.951025	0.8304875376173	0.950485	0.8251797275604	0.948844	0.7907884904032
690	0.951254	0.945	0.951254	0.8295324057945	0.950698	0.8240849079509	0.949012	0.7872803664064
695	0.951669	0.9455	0.951669	0.8305607760708	0.951119	0.8239047773107	0.949446	0.7885277842478
700	0.951917	0.9461	0.951917	0.8279609327708	0.951365	0.8232652004251	0.949682	0.7885418349308
705	0.951766	0.9462	0.951766	0.8298195496363	0.951191	0.8238378326697	0.949445	0.7869023435637
710	0.951472	0.9457	0.951472	0.8263657645749	0.950868	0.8222037297037	0.94904	0.7860334025884
715	0.951921	0.9461	0.951986	0.8276345826703	0.951394	0.8221418480908	0.949595	0.7831973232569
720	0.952058	0.9461	0.952058	0.8255164172443	0.951455	0.8220559788572	0.949625	0.7840862042574
725	0.951986	0.9463	0.951986	0.8238715260849	0.951366	0.8227615774939	0.949486	0.7858963826759
730	0.951805	0.9465	0.951805	0.8229618148167	0.951159	0.8234494891608	0.949208	0.7798380984732
735	0.951385	0.946	0.951385	0.8261286528715	0.950685	0.8180515456243	0.948588	0.7795835449081
740	0.951244	0.9458	0.951244	0.8263082949087	0.950506	0.817523082321	0.948302	0.7804211817529
745	0.951251	0.9458	0.951251	0.8263498152896	0.950482	0.8201440620407	0.948195	0.7794847454324
750	0.951234	0.9461	0.951234	0.8213045953735	0.950433	0.8182042795558	0.948061	0.779376381781
755	0.951403	0.9458	0.951403	0.8218368551114	0.950581	0.8191684512613	0.948151	0.7767319103645
760	0.95123	0.9457	0.95123	0.8199828119583	0.950371	0.8188566255972	0.947838	0.7764169573184
765	0.951485	0.9458	0.951485	0.8174307259441	0.95061	0.816743463986	0.948035	0.7764990124336
770	0.950856	0.9455	0.950856	0.8229495773513	0.949922	0.8148722757324	0.947186	0.7770618246595
775	0.950456	0.9452	0.950456	0.8174233738734	0.949474	0.8132495388021	0.946611	0.7801457860776
780	0.950135	0.945	0.950203	0.8225745553784	0.94919	0.8120619378815	0.946239	0.7736235353357
785	0.949815	0.9446	0.949815	0.820444415683	0.948762	0.817681128714	0.945707	0.768315899432
790	0.949163	0.9439	0.949163	0.8217184531122	0.948059	0.8176849826606	0.944864	0.7727632117376
795	0.949496	0.9439	0.949496	0.8191002540144	0.94839	0.8097005359981	0.945189	0.7702516914354
800	0.949433	0.9442	0.949433	0.8164274824167	0.948306	0.8137788176624	0.945047	0.7771745416505
805	0.948991	0.944	0.948991	0.8201882260586	0.947824	0.8078210739978	0.944458	0.7631972289443
810	0.948788	0.9431	0.948788	0.819617028398	0.947593	0.8195036096597	0.944153	0.7708317151676
815	0.949314	0.9441	0.949321	0.8136735843499	0.948136	0.8176346788164	0.94472	0.7672500367971
820	0.949172	0.9437	0.949172	0.8187251284234	0.947963	0.8089371508193	0.944481	0.7700083600716
825	0.948313	0.9434	0.948313	0.819840795406	0.947044	0.8117709867084	0.943403	0.7708372827768
830	0.948389	0.9438	0.948389	0.8125825787583	0.947116	0.8140774090837	0.943464	0.7726983738455
835	0.947474	0.9424	0.947474	0.8141470204336	0.946152	0.8068148333415	0.942367	0.7597314047968
840	0.94921	0.944	0.94921	0.8149811316821	0.947971	0.8061060530902	0.944407	0.7704905117492
845	0.948183	0.9433	0.948183	0.8155162302695	0.946889	0.8109720801404	0.943177	0.7721068746315
850	0.94703	0.9424	0.94703	0.8139012856268	0.945675	0.8140387028515	0.941799	0.7666264976881
855	0.945989	0.9419	0.945989	0.8106135534021	0.944579	0.8121463131273	0.940553	0.7650445244426
860	0.94527	0.9408	0.94527	0.8079939502435	0.94382	0.8022132548996	0.939689	0.7470419892528
865	0.945203	0.9412	0.945203	0.812016398153	0.943746	0.8080846898838	0.939595	0.759773038653
870	0.945215	0.9413	0.945215	0.809976349812	0.943755	0.7999973553552	0.939594	0.7573869198448
875	0.945167	0.941	0.945167	0.8073061252029	0.943701	0.8034737929418	0.939523	0.7557922599313
880	0.944657	0.9398	0.944657	0.8084782092285	0.943162	0.8022218490918	0.938905	0.7542426446049
885	0.94515	0.9414	0.94515	0.8048239747636	0.943676	0.8049956821762	0.939473	0.7579360101157
890	0.944314	0.9404	0.944314	0.8071134119882	0.942802	0.8050685544808	0.9385	0.7533613766153
895	0.944299	0.9396	0.944299	0.8075917082209	0.942792	0.8042513099517	0.938499	0.7514189165947
900	0.94367	0.9396	0.94367	0.8044505751976	0.942137	0.7982338543737	0.937773	0.7544373668194
905	0.943507	0.9393	0.943507	0.8057288750976	0.94197	0.8008130774662	0.937597	0.7534986676531
910	0.943708	0.9396	0.943708	0.8034518540618	0.942186	0.7991914547645	0.93785	0.7504907990551
915	0.943537	0.9394	0.943537	0.8039042760263	0.942011	0.7996810699794	0.937663	0.7492134837265
920	0.943552	0.9389	0.943632	0.8025172874164	0.942115	0.7973261547987	0.937789	0.7498065281372
925	0.943267	0.9387	0.943267	0.8027665754992	0.941736	0.7967433815855	0.937371	0.7475893715215
930	0.942897	0.9385	0.942897	0.8009693777347	0.941351	0.7964030339034	0.936947	0.7471369957383
935	0.942635	0.939	0.942635	0.8024448631676	0.94108	0.7938318718708	0.93665	0.7453014766307
940	0.942772	0.9382	0.942772	0.8006007010487	0.941227	0.7956005551939	0.936823	0.7466954544358
945	0.943157	0.9383	0.943157	0.8014720327607	0.941635	0.7952518334318	0.93729	0.7451774022104
950	0.942566	0.9384	0.942566	0.8018164732625	0.941018	0.7948167156852	0.936602	0.7447001541153
955	0.942356	0.9383	0.9424	0.8002324983137	0.940845	0.7938833552423	0.936411	0.7453966275168
960	0.942445	0.9379	0.942445	0.8013694122222	0.94089	0.7936096854009	0.936455	0.7436282964536
965	0.941933	0.9379	0.941933	0.8000912811695	0.94035	0.7946590278844	0.93584	0.742920223986
970	0.942243	0.9375	0.942243	0.7999686502841	0.940673	0.7927936433942	0.936197	0.7425476508394
975	0.941783	0.9375	0.941783	0.7995474319562	0.940188	0.7926385139528	0.935644	0.7426146613899
980	0.941619	0.9373	0.941619	0.7982816210308	0.940013	0.7914558694735	0.93544	0.7415134339869
985	0.942028	0.938	0.942028	0.7988032902862	0.94044	0.7924704854683	0.935913	0.7417486070759
990	0.942467	0.938	0.942467	0.8002394427797	0.940899	0.7919378910691	0.936422	0.7413176795488
995	0.942152	0.9382	0.942152	0.798502361669	0.940565	0.7922391656796	0.93604	0.7404419121004
1000	0.942131	0.9382	0.942195	0.7968615626551	0.940608	0.7906315196296	0.936081	0.7396545913375
1005	0.941963	0.9378	0.941963	0.7972214061097	0.940362	0.7905656077115	0.935796	0.7377706986184
1010	0.942119	0.9377	0.942119	0.7969982470554	0.940523	0.7911412619634	0.93597	0.7381740113028
1015	0.942002	0.9378	0.942002	0.7970328882954	0.940398	0.7897034535206	0.935822	0.7375908719337
1020	0.942172	0.9378	0.942172	0.7955284520046	0.940573	0.7902953795027	0.936013	0.7376952795967
1025	0.942262	0.938	0.94232	0.7976563976627	0.940726	0.7914262447554	0.936177	0.7381113671399
1030	0.942354	0.9384	0.942354	0.7989619586105	0.940759	0.7900585744531	0.936207	0.7373958328418
1035	0.942616	0.9389	0.942616	0.7981872231702	0.94103	0.7902373055685	0.936502	0.7371596816058
1040	0.94287	0.9391	0.94287	0.7984998238994	0.941292	0.7905270997317	0.936782	0.7377846612539
1045	0.943255	0.9391	0.943255	0.7982951647605	0.94169	0.7913310498218	0.937217	0.7355651514887
1050	0.943862	0.9394	0.943862	0.7992458524377	0.942322	0.7917683720824	0.937914	0.7367044960804
1055	0.943513	0.9391	0.943513	0.800361687504	0.941951	0.7907179351244	0.937482	0.7364769682058
1060	0.944051	0.9396	0.944051	0.8006800928937	0.94251	0.7908117070566	0.938098	0.7361098280302
1065	0.9438	0.9399	0.943813	0.7985436503054	0.942255	0.7904437769172	0.937797	0.7355452775407
1070	0.94382	0.9401	0.94382	0.8010134034683	0.942257	0.7911245981413	0.937786	0.7368732409664
1075	0.944138	0.9399	0.944138	0.7975800271318	0.942586	0.7906004960745	0.938142	0.7366298081455
1080	0.944204	0.9395	0.944204	0.7985014416519	0.94265	0.7906513122151	0.938201	0.7357439263996
1085	0.94431	0.9402	0.94431	0.7989086714139	0.942756	0.791523498419	0.938307	0.733495233446
1090	0.944016	0.94	0.944016	0.7995760235922	0.942442	0.7897098252286	0.937941	0.7346707005531
1095	0.944612	0.9406	0.944612	0.7961268677065	0.943063	0.7904131785459	0.938627	0.7349294156066
1100	0.944594	0.9404	0.944594	0.7999172470592	0.943039	0.7895571115998	0.938587	0.7367863679413
1105	0.944771	0.9409	0.944771	0.7983604798874	0.94322	0.7905000598826	0.938777	0.7340363698539
1110	0.94464	0.9407	0.94464	0.7976451150155	0.943077	0.7914314855615	0.938604	0.7336337260424
1115	0.944739	0.9409	0.944749	0.7983283588442	0.943187	0.7913347063642	0.938715	0.7351478047378
1120	0.944751	0.9408	0.944751	0.7989557676623	0.943184	0.7921363600819	0.938699	0.7341806836554
1125	0.944802	0.9407	0.944802	0.7990083578368	0.943233	0.7931297590122	0.938741	0.7339488719871
1130	0.944977	0.941	0.944977	0.7990924248157	0.943418	0.791284733671	0.938952	0.7337284050529
1135	0.945258	0.9415	0.945258	0.7994872833263	0.943718	0.7919402336657	0.939302	0.7344684281535
1140	0.945372	0.941	0.945372	0.7994391551731	0.943843	0.7909530327422	0.939454	0.7344459343126
1145	0.94506	0.9411	0.94506	0.798043581869	0.94352	0.7914191935767	0.939102	0.7328104684918
1150	0.94505	0.9416	0.94505	0.7988634168103	0.943514	0.7900479395663	0.939106	0.7322840486475
1155	0.945578	0.9415	0.945578	0.7990839940832	0.944073	0.7915173812203	0.939747	0.7317150643021
1160	0.945218	0.9413	0.945218	0.7985322429731	0.9437	0.7921609954909	0.939336	0.7320009076028
1165	0.945687	0.9412	0.945687	0.7999220238037	0.944197	0.7928288605117	0.939906	0.7326773442936
1170	0.945573	0.9414	0.945573	0.7994688703956	0.944081	0.7904612863304	0.939785	0.7342492219716
1175	0.945346	0.9416	0.945346	0.7996871213424	0.943847	0.7911191829462	0.939531	0.7315302274168
1180	0.94607	0.9412	0.94607	0.7998682403663	0.944611	0.7920644643261	0.940401	0.7316796750163
1185	0.946179	0.9417	0.946179	0.7995852645721	0.944729	0.7932636602108	0.940543	0.7316850510629
1190	0.945866	0.9422	0.945866	0.7992800682311	0.944405	0.7925954414308	0.940186	0.7332258482112
1195	0.946125	0.9421	0.946125	0.8005975198072	0.94468	0.7916652978079	0.940504	0.7330563652648
1200	0.946498	0.9428	0.946498	0.8009714322661	0.945075	0.7901845661305	0.940958	0.7323580346617
1205	0.946728	0.9423	0.946728	0.8000988158719	0.94532	0.7921126160013	0.941242	0.7314302763061
1210	0.946748	0.943	0.946748	0.8011702890488	0.945345	0.7924692846185	0.941277	0.7322603412949
1215	0.946764	0.9428	0.946764	0.8009710701123	0.945365	0.7926405538152	0.941307	0.7336061991665
1220	0.947034	0.9431	0.947034	0.8011325034281	0.945651	0.794120113883	0.941637	0.7332865558222
1225	0.947038	0.9426	0.947038	0.8013067350161	0.945658	0.7919149949918	0.941652	0.7339840615253
1230	0.946818	0.9429	0.946857	0.8013245474853	0.945472	0.7931266272972	0.941448	0.7326874880722
1235	0.946647	0.9432	0.946647	0.8022169083137	0.945253	0.7922376453996	0.941207	0.7332108346305
1240	0.947159	0.9434	0.947159	0.8017653613534	0.945794	0.7930526969584	0.941823	0.7328631296023
1245	0.947295	0.9436	0.947295	0.8025004762802	0.946018	0.7929688438375	0.942275	0.7318682716981
1250	0.947581	0.9439	0.947581	0.8020567722929	0.946404	0.7924914863418	0.942922	0.7322100276617
1255	0.94782	0.9437	0.94782	0.8024972576617	0.946746	0.7939091055804	0.943533	0.7325840899075
1260	0.94785	0.9439	0.94785	0.8034249015217	0.946873	0.794194662672	0.943916	0.7342102013714
1265	0.947569	0.9438	0.947569	0.8029067165109	0.94668	0.7934003057284	0.943951	0.7340937419821
1270	0.948018	0.9438	0.948038	0.8032728684276	0.947169	0.7934721988436	0.944491	0.7329233357555
1275	0.947971	0.9443	0.947971	0.8047575608133	0.947093	0.7955486531469	0.944393	0.7327060796269
1280	0.948617	0.9448	0.948617	0.8037655420079	0.947768	0.7952674079549	0.945144	0.7338842538917
1285	0.948964	0.9447	0.948964	0.8055065806859	0.948128	0.7956447554199	0.945539	0.7345182934437
1290	0.948962	0.945	0.948962	0.804669317815	0.948121	0.7973166617757	0.945519	0.7341562201049
1295	0.949381	0.9455	0.949381	0.8060763492075	0.948447	0.7956683687834	0.945604	0.7337496024504
1300	0.949218	0.9454	0.949218	0.8044556115616	0.94815	0.7974756753209	0.944953	0.7349301539729
1305	0.94952	0.9455	0.94952	0.8054015886927	0.948356	0.7969935140794	0.944907	0.7343285236994
1310	0.949938	0.9456	0.949938	0.8080918092271	0.948902	0.7983734219347	0.94579	0.7351755373345
1315	0.950093	0.9458	0.950102	0.8066756393298	0.949194	0.7976125637214	0.946416	0.7343078832746
1320	0.950472	0.9466	0.950472	0.8065133775231	0.949687	0.7979054061998	0.947235	0.735392952114
1325	0.950349	0.9464	0.950349	0.8077376096499	0.949554	0.7974547711209	0.947074	0.7355040649018
1330	0.949862	0.9462	0.949862	0.806636508561	0.949038	0.7977414165622	0.94648	0.7370076484505
1335	0.950363	0.9468	0.950363	0.8070409850597	0.94956	0.7982414831037	0.947061	0.7353166177737
1340	0.951109	0.9467	0.951106	0.8071975799932	0.950338	0.7993422152825	0.94793	0.7360561450661
1345	0.95093	0.9468	0.95093	0.8084062048069	0.950148	0.7980299377253	0.947705	0.7385402222873
1350	0.950925	0.9472	0.950925	0.8088773390087	0.950139	0.7982130690551	0.947685	0.7376676239494
1355	0.951035	0.9476	0.951035	0.8084100207937	0.950251	0.7990944259968	0.947801	0.7368185560615
1360	0.951083	0.9479	0.95108	0.8089355485473	0.950294	0.7994548491261	0.947841	0.7380848542479
1365	0.951588	0.9475	0.951588	0.8082194230947	0.950825	0.7998449731626	0.948431	0.737886761809
1370	0.951481	0.9478	0.951481	0.8094297412566	0.950709	0.8008358536954	0.94829	0.7373374777906
1375	0.951356	0.9472	0.951356	0.8081854201121	0.950573	0.8002778021721	0.948127	0.7385596274935
1380	0.950976	0.9476	0.950976	0.8086852987344	0.950174	0.8000545785934	0.947675	0.7379879696234
1385	0.950868	0.9466	0.950868	0.8064574764164	0.950067	0.7989719161668	0.94757	0.7364231850619
1390	0.95031	0.9461	0.95031	0.8069620467629	0.949487	0.7988679122579	0.946929	0.7365167203803
1395	0.949304	0.946	0.949304	0.8071249412011	0.948436	0.7991740865719	0.945755	0.7351687611927
1400	0.949003	0.9451	0.949003	0.8087166749479	0.948126	0.8002759562695	0.94542	0.7361715635492
1405	0.948056	0.9441	0.948061	0.8082410790794	0.947142	0.8004857720011	0.944322	0.7368828436569
1410	0.947952	0.9444	0.947952	0.8085640377918	0.94703	0.8007031176129	0.944201	0.736054064203
1415	0.948415	0.9444	0.948414	0.8065874641076	0.947502	0.80009816848	0.9447	0.7368954221381
1420	0.948619	0.9446	0.948619	0.8087902699373	0.947703	0.7996738400815	0.944894	0.7369065974455
1425	0.94863	0.9456	0.94863	0.809745752265	0.947701	0.8009553352264	0.944858	0.7387411887346
1430	0.949582	0.9467	0.949582	0.8104133080248	0.948689	0.801114897525	0.945942	0.7388426461143
1435	0.95052	0.9467	0.95052	0.8115050001733	0.949662	0.8025951714551	0.94701	0.7378449433161
1440	0.951042	0.9472	0.951042	0.8120236620384	0.950198	0.801099087491	0.947584	0.7372764059367
1445	0.95192	0.9477	0.95192	0.8131201811414	0.951114	0.8029615013329	0.948602	0.7407718063247
1450	0.952488	0.9482	0.952488	0.8122924457668	0.951707	0.8027925109409	0.949265	0.7408939060414
1455	0.953034	0.9484	0.953034	0.8119520327841	0.952278	0.8032162271035	0.949902	0.7414315825884
1460	0.95322	0.949	0.95322	0.8154780173699	0.952469	0.8038782803538	0.950109	0.7414365054499
1465	0.953861	0.9499	0.953861	0.8138719546699	0.95314	0.8075541575598	0.950859	0.7426721914829
1470	0.953849	0.9498	0.953849	0.8141246261185	0.953124	0.8066608464877	0.950831	0.7433952367687
1475	0.954603	0.9501	0.954603	0.8153889753706	0.953913	0.8065374410828	0.951716	0.7433248597714
1480	0.954675	0.951	0.954675	0.8153156741692	0.953985	0.806364821603	0.951789	0.7431976757777
1485	0.955075	0.951	0.955075	0.8158578299387	0.954402	0.806312999299	0.952253	0.7432476750605
1490	0.955349	0.9508	0.955349	0.8166042886484	0.954687	0.8073871832483	0.952567	0.7440060700852
1495	0.955783	0.9514	0.955786	0.8175915148644	0.955143	0.8079717686151	0.953075	0.743142251174
1500	0.95618	0.9511	0.95618	0.8199139991279	0.955554	0.8083324864726	0.953533	0.7446395527128
1505	0.956458	0.9519	0.956458	0.8198199540419	0.955843	0.8077723318427	0.953852	0.7450828505716
1510	0.956294	0.9522	0.956294	0.8204437507454	0.955667	0.8098137296579	0.953644	0.7446863412745
1515	0.956621	0.9523	0.956621	0.8205254916546	0.956007	0.8102999232342	0.954019	0.7457512157871
1520	0.956463	0.9527	0.956463	0.8199102696088	0.955836	0.8084530242103	0.953814	0.7459084556565
1525	0.956756	0.9533	0.956756	0.8195709778166	0.95614	0.810238962966	0.954147	0.7467456596214
1530	0.956885	0.953	0.956885	0.820413157262	0.956271	0.8111087112399	0.954284	0.7470764311456
1535	0.957363	0.9535	0.957395	0.8208850751895	0.956803	0.8104392920179	0.954876	0.7471786947105
1540	0.956907	0.9521	0.95692	0.8211584852502	0.956299	0.8121717352127	0.954292	0.747956876651
1545	0.956997	0.9527	0.956997	0.8218127420032	0.956376	0.8124552825199	0.954368	0.7477301008237
1550	0.956798	0.9525	0.956798	0.8200653271803	0.956162	0.8115858236603	0.954115	0.7487307297929
1555	0.956695	0.9524	0.956739	0.8220788532685	0.956096	0.8103115616312	0.95403	0.7480933327419
1560	0.956845	0.9522	0.956877	0.8221428606018	0.956237	0.8110340012786	0.954181	0.7475025573723
1565	0.956832	0.9519	0.956832	0.8239968544918	0.956187	0.8126123336157	0.954114	0.7489836188434
1570	0.95689	0.9521	0.95689	0.8232473338581	0.956244	0.8119610165201	0.954169	0.7495221047615
1575	0.956746	0.9531	0.956746	0.8217829035051	0.956089	0.8119946333883	0.953984	0.7487806507506
1580	0.956633	0.9531	0.956633	0.8223831083106	0.955966	0.8142477295647	0.953836	0.749440477921
1585	0.956927	0.9523	0.956927	0.8231315973075	0.956272	0.813626899803	0.954173	0.7496858232444
1590	0.956851	0.9521	0.956851	0.8229706278317	0.956188	0.8126647849978	0.954069	0.7502288619264
1595	0.956709	0.9525	0.956709	0.8221128005951	0.956035	0.8139405124747	0.953883	0.7501411267424
1600	0.956496	0.9522	0.956496	0.8251638595363	0.955806	0.8135966065407	0.953613	0.7496987747963
1605	0.955766	0.9527	0.955766	0.8245453633951	0.955034	0.814601825081	0.952727	0.7498573401205
1610	0.955928	0.9527	0.955928	0.8231304131231	0.955201	0.8148606621352	0.952904	0.7503837717176
1615	0.956115	0.952	0.956115	0.8246856858481	0.955393	0.8141565507699	0.953112	0.7498925234418
1620	0.956227	0.9519	0.956227	0.8236351431699	0.955506	0.8145175610526	0.95323	0.7507420197885
1625	0.956462	0.9524	0.956485	0.825833295118	0.955773	0.8154010157279	0.953522	0.7519318546426
1630	0.956106	0.9524	0.956106	0.8261630200227	0.955371	0.813660194061	0.953055	0.7526584752775
1635	0.955546	0.9528	0.955546	0.8251911821374	0.954779	0.8143405632153	0.952375	0.752558930315
1640	0.956077	0.9521	0.956077	0.8264405757076	0.955334	0.8151223911167	0.952998	0.7532782002384
1645	0.955268	0.9521	0.955268	0.8238709970175	0.954481	0.8151089564497	0.952023	0.7539770575891
1650	0.95572	0.9513	0.95572	0.8238039996293	0.954953	0.8151826287105	0.952551	0.7496906952511
1655	0.955532	0.9511	0.955532	0.8234254861112	0.954753	0.8153670588114	0.952316	0.7518572360845
1660	0.95501	0.9512	0.95501	0.8233806872694	0.954201	0.8140158300441	0.951683	0.7513813743015
1665	0.955013	0.9514	0.955013	0.8254059487959	0.954201	0.8152347956151	0.951676	0.7517024487276
1670	0.955215	0.9507	0.955215	0.8261500890325	0.954411	0.8164360604974	0.951907	0.7521138214122
1675	0.954825	0.951	0.954825	0.8252922995023	0.953998	0.8152315781019	0.951431	0.7518503793945
1680	0.95444	0.951	0.954453	0.8253445445305	0.953603	0.8183735254039	0.950974	0.7533150828714
1685	0.954435	0.951	0.954435	0.8260396675116	0.95358	0.8159841803746	0.950938	0.7518822855814
1690	0.954271	0.9504	0.954271	0.8255382538118	0.953404	0.8168643663929	0.950728	0.7525071916941
1695	0.953821	0.9494	0.953821	0.8251948304411	0.952927	0.8154440836015	0.950178	0.7526495975776
1700	0.953715	0.95	0.953715	0.8248684724913	0.952811	0.8158444477862	0.950038	0.7506337196443
1705	0.953231	0.9489	0.953231	0.8260857936209	0.952299	0.8148166299715	0.949447	0.7517662295995
1710	0.952967	0.9491	0.952967	0.8246116092308	0.952017	0.8164365234373	0.949119	0.7520443773264
1715	0.952797	0.9481	0.952797	0.8239923696201	0.951835	0.8156413541249	0.948902	0.7525225515706
1720	0.952204	0.9488	0.952204	0.8258125201148	0.951208	0.8143773317888	0.948182	0.752381516526
1725	0.952356	0.9489	0.952356	0.8253467690889	0.951364	0.8155622622887	0.948351	0.7519198595072
1730	0.95194	0.9476	0.95194	0.8251354325685	0.950924	0.8169122261486	0.947845	0.753198509853
1735	0.951701	0.9473	0.951701	0.8244985674713	0.950669	0.8167432060699	0.947549	0.7520827903101
1740	0.951188	0.9472	0.951188	0.825418682848	0.950127	0.8156100258973	0.946927	0.7522161762794
1745	0.950926	0.9466	0.950926	0.8255118460011	0.949849	0.8151251935387	0.946604	0.7526367320545
1750	0.950427	0.946	0.950427	0.8248498864877	0.949321	0.8174849392885	0.945999	0.7513346550776
1755	0.950165	0.9456	0.950165	0.8244018001567	0.949042	0.8155366406395	0.945677	0.7522414301978
1760	0.949738	0.945	0.949738	0.8228537728995	0.948591	0.8157103097204	0.945157	0.7518417128539
1765	0.949281	0.9453	0.949281	0.8256340120998	0.948107	0.8143872854314	0.944603	0.7522073525905
1770	0.94932	0.9448	0.94932	0.8250506265298	0.948145	0.8150211240627	0.944638	0.7514519590335
1775	0.948856	0.9441	0.948856	0.8247669381023	0.947653	0.8155178296783	0.94407	0.7517369011186
1780	0.94854	0.945	0.94854	0.8245799274056	0.947316	0.8159948161963	0.943675	0.7527568243201
1785	0.947867	0.9441	0.947867	0.8246457861162	0.946603	0.815057587172	0.942857	0.7514626288897
1790	0.947245	0.9441	0.947312	0.825536736784	0.946015	0.8155365935696	0.942179	0.7508679888171
1795	0.947283	0.9431	0.947283	0.8238977157055	0.945979	0.8147641790289	0.942127	0.7512227323761
1800	0.946972	0.9433	0.946972	0.8240661277401	0.945648	0.8147733902591	0.941739	0.7507777228167
1805	0.946797	0.9431	0.946797	0.8253854444133	0.945459	0.8148928155563	0.941514	0.7510773168571
1810	0.946504	0.9432	0.946557	0.8252043616098	0.945201	0.8153374744982	0.941211	0.7510783777355
1815	0.946361	0.9428	0.946361	0.8235201812219	0.944991	0.8153991729827	0.940961	0.7506214961437
1820	0.945737	0.9413	0.945737	0.8232394334476	0.94433	0.8142298270088	0.940202	0.7509005953828
1825	0.945636	0.9416	0.945636	0.8245088280893	0.94422	0.8152884818102	0.940069	0.7520084298531
1830	0.944952	0.9411	0.944952	0.8231019072618	0.943499	0.8150740195279	0.939249	0.7499045037974
1835	0.945107	0.9416	0.945107	0.8240710797001	0.94366	0.8136533645762	0.939425	0.7537661655239
1840	0.944543	0.9407	0.944543	0.8235443026122	0.943065	0.815912770256	0.938748	0.7521159427881
1845	0.943889	0.9395	0.943889	0.8249517293815	0.942376	0.8140149627862	0.937964	0.7508724756631
1850	0.943776	0.9398	0.943776	0.823403180091	0.942255	0.8151368053369	0.937822	0.7518970048906
1855	0.943827	0.9402	0.943827	0.8254230455727	0.942307	0.8142190778135	0.937875	0.7497323514728
1860	0.943415	0.9397	0.943415	0.8254481744501	0.941872	0.8137999708691	0.937378	0.7503787127177
1865	0.943003	0.9392	0.943141	0.8237662918914	0.941582	0.8139189644811	0.937045	0.7511821599921
1870	0.94259	0.9387	0.94259	0.8228105731548	0.941001	0.8154079933087	0.936384	0.7524188572071
1875	0.942532	0.9385	0.942532	0.8246100880124	0.940938	0.8144730507776	0.936308	0.7535073234748
1880	0.941841	0.9381	0.941841	0.8225920265129	0.94021	0.8139511509857	0.93548	0.7524692478175
1885	0.941551	0.9383	0.941551	0.8220626615842	0.939901	0.8142719790181	0.935122	0.7506145366551
1890	0.941721	0.9384	0.941721	0.821508475601	0.940076	0.8134533743775	0.935311	0.7523368383988
1895	0.941798	0.9384	0.941798	0.8244507797758	0.940153	0.815128006556	0.935389	0.7525882900618
1900	0.940979	0.9375	0.940979	0.8221219304583	0.93929	0.8142328029918	0.934405	0.7506832172099
1905	0.940452	0.937	0.940452	0.8234928817198	0.938732	0.8147016169335	0.933768	0.7533854697687
1910	0.940178	0.9364	0.940178	0.8240319030776	0.938441	0.8155169090123	0.93343	0.750070490618
1915	0.939847	0.9357	0.939847	0.823701346342	0.93809	0.812305461843	0.933025	0.7515216213034
1920	0.938841	0.9356	0.938841	0.8244495160583	0.937029	0.8123426857261	0.93182	0.7506014661501
1925	0.938955	0.9344	0.939026	0.8225565737796	0.937221	0.8129437306814	0.932027	0.7506095649112
1930	0.938542	0.9338	0.938689	0.8215430819446	0.936863	0.8135070137121	0.931615	0.7487393431647
1935	0.937611	0.9322	0.937611	0.821842312938	0.935728	0.8114856962912	0.930327	0.7485334092504
1940	0.937362	0.9331	0.937363	0.8237200864951	0.935463	0.813985649529	0.930021	0.7512086634469
1945	0.937194	0.9331	0.937194	0.8202964114606	0.935283	0.8120004795904	0.92981	0.7499686986007
1950	0.936433	0.9328	0.936433	0.8205544922071	0.934481	0.8115851078833	0.9289	0.750596716579
1955	0.936453	0.9332	0.936452	0.8218769901401	0.934499	0.8152003517625	0.928912	0.7475175234627
1960	0.935932	0.9324	0.935931	0.822460803203	0.933949	0.8117906368569	0.928286	0.7481151753878
1965	0.935274	0.9314	0.935274	0.8219517753553	0.933255	0.8124846803895	0.927497	0.748935131579
1970	0.934922	0.9316	0.935036	0.8210427281725	0.933003	0.8102423563398	0.927206	0.7474993760878
1975	0.934808	0.9308	0.934807	0.8214184819323	0.93276	0.8128066441394	0.926925	0.7475642034295
1980	0.934678	0.9314	0.934678	0.8216240247068	0.932621	0.8147181830558	0.926762	0.7503137729724
1985	0.93392	0.9308	0.93392	0.8217973922776	0.931822	0.811161628	0.925856	0.7494458696466
1990	0.93345	0.9304	0.93345	0.8211678765751	0.931326	0.8129641424838	0.92529	0.7482842207027
1995	0.933487	0.9302	0.933488	0.8200827082589	0.931362	0.8121481397534	0.925323	0.7472578270906
2000	0.933118	0.9296	0.933117	0.8215108515683	0.930971	0.8108038768708	0.924876	0.7485458349794
2005	0.932902	0.9297	0.932977	0.8206681428477	0.930819	0.811012082841	0.924696	0.7499200735825
2010	0.932695	0.9295	0.932695	0.8206732051385	0.930519	0.8120285101316	0.924349	0.750033275194
2015	0.932566	0.9287	0.932566	0.8203213766894	0.930381	0.8108203058961	0.924183	0.7495732462559
2020	0.931849	0.9288	0.93185	0.8216173225662	0.929624	0.8113392479496	0.923323	0.7484405424269
2025	0.931441	0.9292	0.931441	0.8221426854054	0.929192	0.8100513553631	0.922827	0.7492467225452
2030	0.930991	0.929	0.930991	0.8219828917328	0.928716	0.8106429621774	0.922282	0.7497657421824
2035	0.931183	0.9278	0.931183	0.8206451985777	0.928913	0.8109232759853	0.922495	0.7493595586402
2040	0.930549	0.9283	0.930549	0.8201364643206	0.928244	0.8122844509567	0.921733	0.7481645625909
2045	0.930574	0.9281	0.930574	0.8223901233842	0.928267	0.8131055007592	0.921749	0.7490338027509
2050	0.930123	0.9277	0.930123	0.8218417281673	0.92779	0.8101678557047	0.921204	0.7483490913237
2055	0.930001	0.9272	0.930002	0.8232616266344	0.927658	0.8121855323285	0.921047	0.7497167289906
2060	0.929517	0.9274	0.929518	0.8223834754609	0.927146	0.8120269679865	0.920462	0.7509064024128
2065	0.929149	0.9269	0.92915	0.8221853735286	0.926757	0.8114643706379	0.920015	0.7484893468107
2070	0.929508	0.9264	0.929507	0.8225253836274	0.927133	0.8104629662271	0.92044	0.7491029620266
2075	0.928963	0.9268	0.928962	0.822066389667	0.926563	0.8116999687366	0.919804	0.7488796860716
2080	0.928431	0.9265	0.92843	0.8196881878575	0.926006	0.8112276548404	0.919182	0.747107548967
2085	0.928176	0.9258	0.928177	0.8201148840032	0.925742	0.8092856756523	0.918889	0.7501336621649
2090	0.92768	0.9243	0.92768	0.8221072140464	0.925222	0.8088197750779	0.91831	0.7496368576259
2095	0.926632	0.9257	0.926632	0.8201426357905	0.924124	0.8098687067035	0.917081	0.7463279212453
2100	0.92672	0.9246	0.92672	0.8192210017321	0.924218	0.8094204031649	0.91719	0.7478468575023
2105	0.926721	0.9239	0.926721	0.8200115277763	0.924221	0.8081453304468	0.917197	0.7468027280952
2110	0.925551	0.9231	0.925552	0.8208100163724	0.922995	0.8118480050653	0.915824	0.745352682645
2115	0.924909	0.9228	0.924908	0.8193397452016	0.922322	0.8124714690394	0.915072	0.7476650185933
2120	0.924327	0.9221	0.924327	0.8196137514192	0.921713	0.8116002197834	0.914393	0.7495409138814
2125	0.923277	0.9211	0.923277	0.8173937375527	0.920613	0.8081552596626	0.913161	0.7444589298906
2130	0.922223	0.9199	0.922223	0.8188437506506	0.919508	0.8083866370121	0.911926	0.7476043841061
2135	0.92097	0.9196	0.92097	0.8150576199525	0.918195	0.8078810748139	0.910456	0.7449170782129
2140	0.920019	0.9183	0.920019	0.8149743196942	0.917197	0.807188222332	0.909338	0.7425725699566
2145	0.91827	0.9172	0.91827	0.8163020881425	0.91536	0.8080085526008	0.907276	0.7421768879989
2150	0.9173	0.9151	0.9173	0.8117544327329	0.914341	0.8065221426961	0.90613	0.7412180229517
2155	0.915558	0.9123	0.915558	0.8138349738453	0.912512	0.8033279084157	0.904078	0.7380340156171
2160	0.914056	0.911	0.914056	0.8119005976825	0.910934	0.7999615002159	0.902309	0.741629700692
2165	0.911272	0.9089	0.911273	0.8089085626575	0.908013	0.7984582594175	0.899038	0.7365464739649
2170	0.908291	0.9056	0.908292	0.8064434918999	0.904886	0.7946199621762	0.895541	0.7362593515555
2175	0.905248	0.9023	0.905683	0.8082635541403	0.902149	0.7921265924427	0.892482	0.7309843219036
2180	0.90166	0.8989	0.90166	0.8009738625832	0.89793	0.7922746068772	0.887774	0.7239349170197
2185	0.897216	0.895	0.897216	0.7976898651501	0.893271	0.7850757282045	0.882584	0.7229738392353
2190	0.893279	0.8905	0.893279	0.7930528720916	0.889145	0.77882669102	0.877992	0.7224059499573
2195	0.889093	0.8862	0.889093	0.7893362111151	0.884759	0.7777994640064	0.873119	0.7184191598723
2200	0.885176	0.8823	0.885176	0.7863175351016	0.880656	0.7768490275796	0.868565	0.7123783459231
2205	0.882315	0.8797	0.882315	0.7838391674807	0.877659	0.7782732368113	0.865242	0.710002262342
2210	0.879564	0.8772	0.879564	0.7830237435216	0.874778	0.7729666552566	0.86205	0.7109478309694
2215	0.877901	0.8756	0.877901	0.7801069857147	0.873036	0.767786213801	0.86012	0.7051283577138
2220	0.877296	0.8745	0.877296	0.7805929031703	0.872402	0.7701105296755	0.859415	0.7104691942625
2225	0.876547	0.8738	0.876547	0.7837949464464	0.871617	0.765176741394	0.858544	0.7069222902806
2230	0.876238	0.8738	0.876238	0.7772142232787	0.871292	0.7687106660798	0.858181	0.7097238637084
2235	0.877049	0.8752	0.877049	0.7810075772766	0.87214	0.7715902018641	0.859113	0.7094051482524
2240	0.877255	0.8756	0.877255	0.7810774729152	0.872354	0.7717303129193	0.859346	0.7104243852413
2245	0.878015	0.8755	0.878015	0.7841559347268	0.873148	0.7689884623374	0.860219	0.7109640212563
2250	0.878677	0.876	0.878677	0.7840357462241	0.873839	0.7699697832874	0.86098	0.709058145053
2255	0.879983	0.8773	0.879983	0.782830384451	0.875205	0.7719840936342	0.862486	0.7133058782254
2260	0.881129	0.8783	0.881129	0.7842122072108	0.876403	0.7786508632612	0.863808	0.7160373463818
2265	0.88214	0.8796	0.88214	0.7878067675698	0.87746	0.7763467664172	0.864973	0.7142132378607
2270	0.882609	0.8803	0.882609	0.7899826588439	0.877949	0.7805998209839	0.865511	0.7164981164079
2275	0.883308	0.8812	0.883308	0.7904992249841	0.87868	0.7746215571999	0.866316	0.7193737430598
2280	0.88443	0.8817	0.88443	0.7913140975427	0.879853	0.7777701341526	0.867612	0.7132868701242
2285	0.884803	0.8819	0.884803	0.7914930074119	0.880242	0.7767987573678	0.868039	0.7186038302875
2290	0.886135	0.8829	0.886135	0.7931223650178	0.881636	0.7767267368798	0.869579	0.7185788645645
2295	0.886368	0.8836	0.886368	0.7930067852658	0.881878	0.778198592968	0.869845	0.7193089649299
2300	0.886636	0.8844	0.886636	0.7943394867326	0.882158	0.7822373891313	0.870152	0.7198624688318
2305	0.888157	0.8845	0.888157	0.7932476751937	0.88375	0.7864302015205	0.871914	0.7142610761496
2310	0.887743	0.8853	0.887743	0.7962248067552	0.883316	0.7741724237869	0.87143	0.7166012211536
2315	0.888609	0.8857	0.888609	0.7924109458527	0.884222	0.7898374726	0.872432	0.722808935667
2320	0.88834	0.8866	0.88834	0.7979859821162	0.883939	0.7786299157509	0.872116	0.7215178261157
2325	0.889227	0.8867	0.889227	0.792852331434	0.884867	0.7838049856059	0.873143	0.7241816019169
2330	0.889052	0.887	0.889712	0.7954384820264	0.885375	0.7861206990591	0.873704	0.7275790835055
2335	0.888867	0.8874	0.889254	0.7925271767324	0.884894	0.7713089203586	0.873167	0.7208969826489
2340	0.889133	0.8873	0.888798	0.797244079837	0.884415	0.7856885769743	0.872634	0.7333550500157
2345	0.88851	0.8861	0.888344	0.7951058994295	0.88394	0.7838249402562	0.872103	0.7248623220211
2350	0.888906	0.8871	0.888906	0.7988351848944	0.884527	0.7946528554222	0.872752	0.7179328413178
2355	0.888413	0.8856	0.888413	0.7933420721763	0.88401	0.7789228644852	0.872175	0.7187016703721
2360	0.888174	0.885	0.888174	0.7943592249027	0.883758	0.7846143076366	0.871894	0.7281340245285
2365	0.887893	0.8854	0.887893	0.7929566649775	0.883463	0.785761120732	0.871563	0.7257302381606
2370	0.886284	0.8844	0.886111	0.7889979441563	0.881596	0.7794932647034	0.86949	0.7299265352878
2375	0.886726	0.8848	0.886726	0.7943402391375	0.882239	0.7909087147047	0.8702	0.7199508103638
2380	0.885812	0.8835	0.885233	0.7983163612118	0.880676	0.7939253275168	0.868463	0.7146083422465
2385	0.885849	0.883	0.885849	0.7889338305556	0.881319	0.786361152236	0.869173	0.7151507185468
2390	0.883984	0.8823	0.884373	0.7941829675033	0.879773	0.7907892146113	0.867456	0.7134723341337
2395	0.882208	0.8805	0.882208	0.7903070020286	0.877504	0.7646999213906	0.864939	0.7105446429753
2400	0.88214	0.8794	0.88214	0.7952077751558	0.877432	0.7703833011004	0.864855	0.7303358882133
2405	0.880962	0.8784	0.880962	0.7970920174765	0.876197	0.7835083818306	0.863484	0.7273275243287
2410	0.879967	0.8772	0.880694	0.7914915849934	0.875916	0.7833701563061	0.863168	0.7286335964087
2415	0.877452	0.8762	0.877452	0.7939477939105	0.872521	0.7762384195041	0.859409	0.6996028632205
2420	0.875033	0.8732	0.875033	0.77418253576	0.869988	0.769976381873	0.856606	0.7129107448593
2425	0.874035	0.8719	0.873918	0.7890884769987	0.86882	0.7744986581065	0.855312	0.7334970913511
2430	0.872808	0.8711	0.872808	0.7936012186045	0.867657	0.7676253988135	0.854024	0.7176063498813
2435	0.869106	0.8678	0.869479	0.7770766091041	0.864173	0.7569481041152	0.850176	0.7345022692375
2440	0.868962	0.8664	0.868962	0.7832628815515	0.863631	0.7769639303271	0.849574	0.6810433195806
2445	0.866865	0.8651	0.866865	0.7721479109543	0.861436	0.7266260612771	0.847151	0.7362806678175
2450	0.865375	0.861	0.865375	0.7870017572853	0.859877	0.7876497266975	0.845429	0.6859192561126
2455	0.860828	0.8586	0.860783	0.7640702664479	0.855074	0.7468726432895	0.84014	0.6742270378967
2460	0.858887	0.8578	0.858646	0.7886910711261	0.852839	0.7486712504742	0.837679	0.6328427225438
2465	0.856179	0.8534	0.856523	0.7761342490004	0.850619	0.7118836287444	0.835237	0.6314204601865
2470	0.860185	0.8525	0.860185	0.8114972263255	0.854445	0.7047539377624	0.839435	0.7019100466303
2475	0.854803	0.853	0.854803	0.6947117697415	0.848819	0.6740814560708	0.833252	0.7376455012069
2480	0.852451	0.8502	0.852451	0.7982450805085	0.84636	0.7385407505724	0.83055	0.6610277233835
2485	0.853751	0.8488	0.853751	0.7614113590604	0.847717	0.866671642736	0.832035	0.7460994298486
2490	0.84257	0.8458	0.84257	0.7226506534112	0.836038	0.6328831552177	0.819245	0.7748303742135
2495	0.854894	0.8498	0.854894	0.672983410137	0.848909	0.6675218067992	0.833336	0.7988756174092
2500	0.841232	0.8432	0.842028	0.8391080244085	0.83547	0.9815500872916	0.818617	0.8834128486414
